Chromosome Position(bp) Rate(cM/Mb) Map(cM)
chr5 27343 8.728403 0
chr5 271377 8.259377 0
chr5 508090 7.530829 0
chr5 778236 6.36549 0
chr5 1166716 4.378991 0
chr5 1384732 3.90252 0
chr5 1603469 3.814264 0
chr5 1917139 3.491656 0
chr5 2229415 2.491536 0
chr5 2287470 2.325818 0
chr5 2736279 2.453586 0
chr5 2904105 3.009684 0
chr5 3162852 3.290991 0
chr5 3619476 2.974687 0
chr5 3858361 2.460085 0
chr5 4233682 2.293745 0
chr5 4448082 2.381386 0
chr5 5010563 2.89479 0
chr5 5337548 2.955358 0
chr5 5535964 3.135158 0
chr5 5799941 3.52759 0
chr5 6055546 3.459113 0
chr5 6519202 3.889644 0
chr5 6801277 4.625801 0
chr5 7047330 5.043213 0
chr5 7340989 5.122355 0
chr5 7813295 5.128754 0
chr5 8024482 5.220621 0
chr5 8427379 5.613037 0
chr5 9358168 5.118339 0
chr5 9547224 4.820323 0
chr5 9881268 4.177233 0
chr5 10488859 2.039113 0
chr5 10782718 1.174481 0
chr5 10934107 0.641937 0
chr5 11639432 0 0
chr5 11648803 0 0
chr5 12212646 0 0
chr5 12578089 0.164142 0
chr5 13096724 1.597895 0
chr5 13211824 1.974127 0
chr5 13445912 3.040979 0
chr5 13784419 3.965629 0
chr5 13848611 3.979165 0
chr5 14139628 3.356663 0
chr5 14303285 3.273369 0
chr5 14577084 3.67445 0
chr5 14894827 4.363579 0
chr5 15282634 4.621116 0
chr5 15466566 4.513717 0
chr5 15878281 4.400206 0
chr5 16093796 4.357598 0
chr5 16583743 4.084234 0
chr5 16816665 3.721381 0
chr5 17115580 3.144238 0
chr5 17591339 4.346383 0
chr5 17959456 4.376286 0
chr5 18089003 4.271335 0
chr5 18638175 3.32949 0
chr5 18707445 3.236104 0
chr5 19320777 1.981454 0
chr5 19697188 2.348744 0
chr5 19723111 2.394368 0
chr5 20097401 2.883326 0
chr5 20300339 3.195675 0
chr5 20788561 3.982719 0
chr5 21294493 4.848684 0
chr5 21757545 5.085996 0
chr5 21901746 5.040075 0
chr5 22203115 4.514692 0
chr5 22280040 4.354136 0
chr5 23058019 3.973058 0
chr5 23272788 3.602885 0
chr5 23447475 3.267598 0
chr5 23796622 3.215234 0
chr5 24070109 3.173466 0
chr5 24531404 3.190129 0
chr5 24757037 3.082031 0
chr5 25612289 4.768726 0
chr5 25683652 5.11883 0
chr5 25899673 5.691868 0
chr5 26040116 5.580572 0
chr5 26354551 4.200664 0
chr5 26783646 0 0
