Chromosome Position(bp) Rate(cM/Mb) Map(cM)
chr3 290174 3.690476 0
chr3 400931 3.843209 0
chr3 824229 4.120889 0
chr3 1315978 3.472201 0
chr3 1552281 3.11335 0
chr3 1813427 2.951194 0
chr3 2069771 3.340464 0
chr3 2265913 3.233477 0
chr3 2541354 2.746227 0
chr3 3279457 2.939688 0
chr3 3427299 2.685675 0
chr3 3610073 2.215178 0
chr3 4207452 2.101339 0
chr3 4330513 2.214072 0
chr3 4900563 3.020823 0
chr3 5334452 2.666963 0
chr3 5668310 2.496355 0
chr3 5891629 2.64024 0
chr3 6008178 2.641215 0
chr3 6528008 2.517896 0
chr3 7123630 3.650957 0
chr3 7359421 4.778354 0
chr3 7702216 6.663542 0
chr3 8209329 6.185417 0
chr3 8456601 5.693217 0
chr3 8633204 5.610247 0
chr3 9136628 6.001736 0
chr3 9924267 6.296826 0
chr3 10070201 6.347474 0
chr3 10358588 6.214776 0
chr3 10596181 5.942196 0
chr3 10847881 5.398407 0
chr3 11107344 4.617017 0
chr3 11748521 1.844558 0
chr3 12276692 1.752136 0
chr3 12785230 1.89626 0
chr3 13107123 1.736648 0
chr3 13139842 1.694516 0
chr3 13495379 1.128924 0
chr3 13495418 1.128896 0
chr3 14104253 0.901014 0
chr3 14244642 1.358556 0
chr3 14761867 2.764333 0
chr3 15522173 4.825798 0
chr3 15712057 5.064393 0
chr3 15913994 4.854878 0
chr3 16629399 5.588102 0
chr3 16848354 5.05965 0
chr3 17211862 4.127213 0
chr3 17878794 4.562239 0
chr3 18012938 4.505463 0
chr3 18258898 4.710737 0
chr3 18532958 4.995639 0
chr3 18772306 4.483753 0
chr3 19221428 4.51433 0
chr3 19458259 4.478751 0
chr3 19737683 3.684658 0
chr3 19990665 2.908271 0
chr3 20266369 3.54948 0
chr3 20547090 4.257744 0
chr3 20809850 2.877184 0
chr3 20997826 2.144203 0
chr3 21142865 2.181063 0
chr3 21399567 2.666287 0
chr3 21678477 2.626915 0
chr3 21899579 3.221862 0
chr3 22221736 3.665753 0
chr3 22446488 3.935467 0
chr3 22806789 3.919921 0
chr3 23088778 1.978568 0
chr3 23211977 0 0
