Chromosome Position(bp) Rate(cM/Mb) Map(cM)
chr2 176156 16.523461 0
chr2 498807 11.465491 0
chr2 757335 8.91151 0
chr2 988154 7.800563 0
chr2 1172482 7.178328 0
chr2 1447413 2.700636 0
chr2 1788467 5.231584 0
chr2 1986922 4.571055 0
chr2 2033717 4.381296 0
chr2 2324211 1.445455 0
chr2 2359775 1.230264 0
chr2 2918308 1.126392 0
chr2 3036262 1.063264 0
chr2 3042043 1.059415 0
chr2 3520754 0.561928 0
chr2 4344527 0.575738 0
chr2 4778556 1.324427 0
chr2 4811650 1.382894 0
chr2 5469974 1.953702 0
chr2 5627965 2.904469 0
chr2 5682223 3.234241 0
chr2 6044749 5.309762 0
chr2 6809099 3.08897 0
chr2 6809112 3.089107 0
chr2 6970449 4.455786 0
chr2 7048904 4.846448 0
chr2 7400522 4.351253 0
chr2 7633698 4.367538 0
chr2 8225326 3.995481 0
chr2 8561080 2.446536 0
chr2 8796903 2.295259 0
chr2 9057864 2.905561 0
chr2 9461465 4.970468 0
chr2 9792570 6.099057 0
chr2 9885676 5.84847 0
chr2 10005836 5.539556 0
chr2 10365194 3.594545 0
chr2 10556376 3.771788 0
chr2 10811132 3.506463 0
chr2 11029317 3.041644 0
chr2 11193105 3.302898 0
chr2 11537081 4.984774 0
chr2 12019213 5.076555 0
chr2 12335750 5.065131 0
chr2 12520610 4.821195 0
chr2 12717797 4.348226 0
chr2 13007536 3.083194 0
chr2 13156699 2.316404 0
chr2 13659835 2.888972 0
chr2 13796827 2.95203 0
chr2 14053664 3.08571 0
chr2 14129620 3.014176 0
chr2 14844195 4.115153 0
chr2 15097876 3.937707 0
chr2 15445245 3.777544 0
chr2 15782230 3.9255 0
chr2 15980603 4.137059 0
chr2 16325026 4.425377 0
chr2 16600230 3.691389 0
chr2 16858265 2.763406 0
chr2 17115039 2.304447 0
chr2 17124023 2.300977 0
chr2 17729906 3.465528 0
chr2 17766645 3.515686 0
chr2 18324318 4.361132 0
chr2 19006196 4.178944 0
chr2 19091793 3.770624 0
chr2 19582242 0 0
