Chromosome Position(bp) Rate(cM/Mb) Map(cM)
chr4 208650 10.379124 0
chr4 434712 7.015134 0
chr4 945976 5.078784 0
chr4 1512987 8.739854 0
chr4 1782389 2.500659 0
chr4 2103325 0.171772 0
chr4 2383725 0.267976 0
chr4 2775749 5.673871 0
chr4 3002169 3.31569 0
chr4 3370742 0 0
chr4 3400397 0 0
chr4 3903294 1.180082 0
chr4 4169509 2.243878 0
chr4 5196578 7.820096 0
chr4 5386239 8.012167 0
chr4 5643991 7.693759 0
chr4 5931550 6.497736 0
chr4 6293204 6.637043 0
chr4 6718256 6.853932 0
chr4 7340898 5.831991 0
chr4 7724867 5.824074 0
chr4 7934924 4.134796 0
chr4 8034821 3.240415 0
chr4 8585617 3.514289 0
chr4 9167906 4.266489 0
chr4 9575956 4.709589 0
chr4 10089916 4.808214 0
chr4 10346818 4.51513 0
chr4 10607774 4.13654 0
chr4 11017270 3.424226 0
chr4 11320394 4.464104 0
chr4 11559979 4.572007 0
chr4 12118475 3.435599 0
chr4 12439446 2.593673 0
chr4 12976051 2.505275 0
chr4 13467985 1.927112 0
chr4 13788227 2.562746 0
chr4 13960078 3.064058 0
chr4 14035762 3.269759 0
chr4 14736664 3.248483 0
chr4 14957828 1.312578 0
chr4 15325586 1.770834 0
chr4 15863233 2.502856 0
chr4 16102064 3.125132 0
chr4 16437564 5.377462 0
chr4 16487609 4.157984 0
chr4 17031668 3.731919 0
chr4 17325108 8.385175 0
chr4 17538469 8.458329 0
chr4 18060948 3.399239 0
chr4 18262372 3.704964 0
chr4 18405517 2.769699 0
chr4 18577351 0 0
